0.00012442967
0.0017644607
0.0024510897
0.0009705976
0.04661745
0.17475814
-8.602852e-06
0.0010209482
0.05881203
-6.428143e-05
0.0009598397
0.0025917273
0.00019586361
0.024941739
0.020405946
3.0385556e-05
-0.00016172798
0.12043273
0.000266873
-7.0722776e-06
0.0007765973
0.0014016703
5.934216e-05
0.00060855376
-0.00021294478
-0.00013199146
0.0007292524
0.0038019223
0.004073167
0.0007510468
-3.9085935e-05
-0.00022071574
-0.0019648108
0.00035107497
0.10874988
0.0011196043
9.749012e-05
0.027124055
0.0010636083
-0.019550925
-0.015653318
0.00033960602
0.2762212
0.00089123286
8.165141e-05
0.0011062147
-3.7854945e-05
0.0010664432
0.0010050668
0.0009528826
-5.4355733e-05
-0.012515391
0.004206893
0.0006803039
0.000599438
0.00038871885
0.00044032474
0.0005206221
0.019433532
0.00047682808
8.277231e-05
0.0017524824
0.0016456359
-0.013669953
0.00016605078
0.0004996973
0.00024809354
0.0051082065
0.042636983
0.0014848474
6.950328e-05
0.0004994517
0.0005770046
0.0073344037
0.003185418
0.00014921963
-0.00011439677
0.00062891137
0.0011542717
0.00033498515
0.0004092872
-0.020633988
0.016355585
0.0002554438
0.10818772
0.0064433217
0.007271596
0.00922351
0.0014307391
0.18633889
0.00020818273
0.022804648
0.00021875327
-0.00021288026
0.002517832
0.002074888
0.0006155856
0.00013554661
0.069309786
-0.00069936365
-0.25131646
-0.00018244094
-1.7633374e-05
0.00049341144
0.022111142
0.0016807036
-0.10350176
1.1402704e-05
-5.719177e-05
0.00024026119
0.0032413146
0.00029657123
0.009330217
-0.002328055
-0.00036014424
0.002147044
0.28327334
0.004043554
-0.00022274829
0.000519498
0.00036639904
0.0015976911
0.0025979003
0.016777033
0.002147615
0.047058854
0.0010858579
0.23766527
5.510432e-05
0.001742146
0.0016273683
-0.08099917
5.2126452e-05
-0.0003036145
0.012772938
-0.040874477
0.00070448755
1.180413e-05
0.56056356
0.26892522
0.00018784284
0.00023163449
0.00053987623
0.00062895793
0.0009698669
-0.002982884
7.404374e-05
-0.033093117
-0.020312784
0.00039529352
-0.0021006358
0.010417441
0.04829569
-0.0013797549
0.5382488
0.00042252697
0.00023713565
0.00027766736
-0.009666899
0.0003295055
0.007908257
-9.5681025e-06
0.410574
0.00043180195
0.0075818123
0.0007076436
0.18817751
-0.00016833413
-0.00015922589
0.0015304396
0.6333789
0.0048775338
0.0001199339
0.00018392177
0.00053784787
0.0032885436
0.002415353
0.02491618
7.037551e-05
-3.0157331e-05
-0.007662707
0.00015999579
0.0027789646
-0.0018403189
0.000268307
-0.00032477494
-0.0019901304
0.0008192575
0.0003340312
0.035451088
0.000630419
0.00011241966
-0.00080426206
-0.001434617
0.0013216656
0.0045736604
0.4784576
1.6399545e-05
0.0009013248
-0.005273615
-0.00046161812
0.0009963756
0.0016705677
0.051174086
9.6234384e-05
-0.0008923137
0.0006509189
0.07385245
0.00013318524
-0.12233147
0.0012480544
-2.556435e-05
0.21368009
-0.0021549468
2.6680595e-05
3.3999844e-05
0.0007034502
9.970321e-05
-0.00011680933
0.00021931926
8.2038656e-05
0.000551471
0.0026984103
-0.00015188791
-0.003203902
5.606967e-05
0.00049571076
0.0011749142
-0.20628762
0.00016526598
0.00063158676
0.0061548874
-0.086798444
-0.09845045
0.0020654427
0.0003975751
0.0041781347
0.0032319827
0.0006922251
0.0007582628
-0.00017244474
0.00064646767
-0.0038346783
0.046253912
0.0004520617
0.00036512947
0.00049447536
0.015295675
-0.0014655924
-0.00024948572
-0.00012217941
4.809555e-05
0.0006446689
0.0015719654
0.0011286457
0.004684651
-0.00033591644
-0.05701495
0.0005500571
-0.0044060405
0.00034415344
0.0004565369
-0.12308419
4.175747e-05
-1.4994377e-05
0.0004959594
1.5541216e-05
0.0007738044
0.047565307
0.000641898
-0.0013425193
0.0005319186
0.00013496909
0.0013576429
-1.3552594e-05
0.00066115294
0.00093345623
0.04620709
0.00054928556
0.0015105493
0.0036640225
0.04132416
0.00022333485
0.0005141392
0.024962898
0.0034682406
0.0008647046
0.007767885
0.000282912
0.0014420403
0.00013356828
-0.0001867064
0.00010534085
0.00048298904
0.00017342818
0.027648736
0.0002869956
0.0005992586
8.591733e-05
0.0014646096
0.001014094
0.005693434
0.05678384
-0.101691104
-2.5488645e-05
0.0007935269
0.41827005
-0.015301466
0.2422026
0.030316696
0.0029098617
1.2029943e-06
0.00041115575
0.00023772224
0.0062528905
0.00045955862
0.0041631255
0.054789573
-0.00024012735
-4.8355636e-05
0.0010122057
0.0010850063
0.005105128
0.001522891
0.0025849738
0.0013796573
-4.206712e-05
-0.001838231
0.04813194
0.004649301
0.00014001498
0.00037544005
-0.0065552928
-5.2241186e-05
-0.08075873
-0.00018512736
0.00026753783
0.008020313
-0.0012484584
9.582806e-05
0.00056373276
-0.00018582928
0.00035168542
0.0005159291
0.0106461095
0.0445605
1.9063686e-05
0.00078147894
-0.044566944
0.0029484285
-3.2771375e-05
0.00084566395
-0.00035748625
0.00012669273
-0.02433595
0.0007007975
0.020718604
7.972648e-05
0.06125953
-0.00013098096
0.009708246
0.0039639305
0.00013132853
2.6914346e-05
-0.000996111
0.007026806
0.002075612
-3.2095893e-05
0.043355215
0.007422987
0.005716186
6.706204e-05
-1.230493e-05
0.0004904025
0.0017750799
1.2228826e-05
0.18080595
0.0008062781
0.00019683468
0.002250603
0.00053425675
0.010579849
0.0002836975
-0.00030218542
0.0004308056
-0.041118912
0.16989318
0.00016629117
-1.1093431e-05
0.0054415762
-0.0022973916
0.0015960495
0.0015129659
0.0019326841
0.00034857058
-2.0292217e-05
-0.0015136393
0.005964176
0.0016917546
-7.955514e-06
0.0010497535
0.0115163075
0.00041723275
0.0061110235
0.00042237277
0.00017984505
-0.00034029354
8.722421e-06
0.0002219613
-0.049743503
0.00015849131
0.00027758535
0.00040330144
6.281322e-05
0.00030465896
0.005759212
-1.6799495e-05
-0.00087072456
0.0006524011
0.0008226295
-0.0007764234
-0.00030265655
-2.447154e-05
0.0034198589
0.0006793849
-0.001658676
-0.0022763056
-0.018409228
-0.00015668011
0.00024107871
-2.1917598e-05
0.0010755679
0.0012085652
-0.0008910835
0.00017826981
0.070491806
-4.028205e-05
-0.02402598
-1.1124083e-06
-3.8729442e-05
0.0029866043
0.0001394064
-0.0071929614
-6.805045e-05
-0.0013376577
0.0007342585
0.0010541034
0.09167475
-0.0020184198
0.13125962
0.00048022805
2.3044193e-05
0.00011465256
0.0006308954
-3.7516416e-05
4.691511e-06
-0.0014415078
0.0016416025
0.010973647
0.011243764
0.0006227375
0.0003468282
0.00017624118
0.5291642
0.34247482
0.24187392
5.099654e-05
0.000715306
0.0006704042
0.0007592483
0.0003343313
3.755909e-05
0.00020898662
0.5068039
-0.00040724204
0.006988329
0.0008618316
0.00015701697
0.000554025
0.0007381401
0.00973315
0.00085204956
0.0012562051
0.0007010053
-0.00036050702
0.00010275244
-0.00016815113
0.003738262
8.690775e-05
-0.0005001582
4.4624227e-05
5.22482e-05
-0.0005205757
5.324536e-06
-8.231205e-05
0.013996189
0.00016233671
-0.0016183928
0.078326955
-0.00056196516
-0.0004918833
0.0001310418
0.0005100567
-0.0037673514
0.00037253104
0.0001746517
-0.0144109335
1.4235684
0.030984037
6.607197e-05
-0.0010080918
0.00014214846
0.2512974
0.37452263
-2.3977905e-06
0.4297209
0.80719304
-5.214687e-05
0.34329516
0.2836126
0.33739755
-0.00021649495
-0.00019985184
0.4577685
0.43597925
-0.00093308697
-2.067126e-05
0.17115453
-2.3657867e-05
0.6273093
0.08603754
0.1543501
0.51263165
3.2937553e-06
0.66089404
0.50125915
-0.017087167
-1.8773077e-05
1.019105
0.14336807
0.70550674
0.5036191
0.21458972
7.9410665e-07
0.20561221
1.376662
-0.072233625
0.18594243
0.2519305
0.4328284
0.49298406
0.00034873915
0.6513177
0.7334628
0.69215834
0.83516395
0.24900214
0.40615463
0.14451724
0.38117823
0.38611352
-0.058471747
0.10625935
0.00010794758
0.38327676
0.324705
0.6350946
0.42078614
0.67217284
0.20967463
0.3212815
0.24494076
0.20884338
0.44489056
0.22207025
0.00055707234
0.003117606
-0.0007079971
1.3800466
0.03791967
0.004265541
-8.608221e-06
0.16631451
0.42309555
0.3805542
0.88767534
0.010076879
-0.000101395475
-0.10921469
0.4428987
0.22805032
0.12012873
0.4027119
0.24485311
-0.081937626
0.00063627923
0.39404744
0.45918924
0.59455407
0.37704238
-0.0010548219
0.22124526
0.206372
-0.05694777
0.5487659
0.00573209
0.0036921832
-0.00031820836
0.17839041
0.35828006
0.18573573
0.29433814
-0.017507154
0.46364117
0.0015568612
0.316818
0.15533632
0.8068099
0.17460176
0.015494872
0.034930512
-0.00010737867
0.40661806
-0.018685032
0.1207152
0.94949305
0.75143707
0.32871884
0.02161458
0.7631997
-0.055189826
-2.3833596e-05
0.49070042
0.06696785
7.730306e-05
-2.7741887e-06
-0.09606828
0.0014810523
0.40920615
0.37311906
0.9040134
0.5309136
0.1984427
0.373703
-1.2102531e-05
0.24761629
0.3361566
-0.00042216812
0.7834656
0.08329998
0.2923039
0.48876685
0.27345428
0.56583536
0.010920983
0.26428032
0.66110325
-0.05408258
1.2116113
0.55989134
0.74876225
0.37756678
0.34946084
0.30532458
0.5386255
0.031739585
0.582785
0.3048495
0.014783455
0.515466
0.101559356
0.6849252
-0.10056262
-0.0008998233
-0.040779807
-0.06846657
-0.006596317
0.12132239
0.7001562
0.9889637
0.80890906
-0.040118977
-0.29225475
0.22167332
0.63410866
0.22114952
-0.057039097
0.56798714
0.068091884
0.18212925
-0.15005642
0.07800504
0.18478379
-0.021040238
0.11796638
0.00011058373
0.9533609
0.34571767
0.040031448
0.15510924
-3.4569894e-07
0.507909
-0.19884986
1.1543422
0.10132612
0.6346168
0.48824936
0.11568096
0.39245838
0.08453897
0.8275928
0.38956454
0.27251434
0.5164385
0.9028945
0.54558146
0.24863654
0.0003044354
0.5670183
-0.06824334
0.46669888
-0.0949851
0.6960138
0.16288052
0.6244111
-0.18873778
0.12774831
0.4416014
0.06692395
0.060191005
0.000107418935
0.17760518
0.28983676
0.5031074
0.7703805
0.24867606
0.24152742
0.19746038
0.06641732
0.29995486
0.4109879
0.728228
-0.15439484
1.1783931
0.46258911
0.41533655
1.8296854e-05
0.53742236
0.5612757
0.51755506
-0.08409386
0.5723318
0.7410416
0.40404433
0.6386664
0.32544938
1.19985
0.66487706
0.21555197
0.39192897
0.48202908
0.2202839
0.297923
-6.688869e-05
0.0027205318
-0.06052902
0.37209952
0.548514
0.09174435
0.6140306
0.06090974
0.21808441
0.06626632
0.040363822
0.14826144
0.7663026
0.6843077
-0.052437734
0.6600592
0.3576594
0.2654475
0.4774559
0.557922
0.41800222
0.21712738
0.3034728
-0.022535207
0.41128558
0.18470052
0.2421574
0.49849716
0.15005305
0.006914661
0.5949254
-0.055933777
-0.04397926
1.0384014
0.40444285
0.27837497
0.31933802
0.37458903
0.4725206
0.50076026
0.17977855
0.8021499
0.4430514
0.43099385
-0.06267743
0.3607837
0.44745418
-0.02024495
0.22434193
0.39874354
-0.15673861
0.10200092
0.30133832
0.21628338
0.34632897
0.2152299
0.20884559
0.38447362
0.4562248
0.685763
0.49447694
0.44298092
0.6516712
0.61835504
0.39883736
-0.1727709
0.6909876
0.05290203
0.09419565
0.11559409
0.5333245
0.0037632305
0.3139894
0.6991775
-0.29354072
0.05318716
0.3565752
0.18438415
0.22551477
0.32790178
0.14448923
0.14386842
0.15261248
-0.012052498
0.16916904
-0.23880282
-0.26051593
-0.07920872
0.27080306
0.47551668
0.45741132
0.42843843
0.43830335
0.3075998
0.20655358
0.17726213
0.2276076
0.6135433
0.082961574
0.05669984
0.27063835
0.63534987
1.1373343
-0.05390698
0.5960591
-0.014008478
0.45496368
0.07668623
0.018660124
0.38420457
0.12249806
0.18978359
0.4611023
0.3539157
0.12433225
0.45856684
0.30781794
0.047778867
0.031964786
0.44983202
0.24898276
0.25069517
0.13599545
0.38246667
0.3136294
0.69601846
0.43063748
0.6627326
0.6845007
-0.45366555
0.06377516
0.74530756
0.48116982
0.29746282
0.26684648
0.1537966
-0.11865828
0.71918416
0.39673063
0.03855434
0.31875223
0.029080456
0.14022544
0.046358973
0.18204698
-0.21710368
0.21437216
-0.026510242
-0.04087279
-0.043317806
0.51217556
0.15296416
0.49892855
-0.0019775168
0.20350818
0.4547112
-0.05885688
0.1103646
0.1553829
0.43829244
0.062704474
1.2965293
0.08843851
0.13701683
-0.15284783
0.08388716
0.6785074
0.21895239
0.08785911
-0.0765291
0.28453648
0.3598604
-0.06537101
0.13268939
0.22014627
0.72436106
0.538809
0.11407042
0.040191606
0.25212106
0.044866435
0.19859426
0.4066296
0.4206006
0.26639366
0.24316178
0.42097473
0.4466811
0.22447634
0.68579537
0.21309526
0.3946903
0.22335541
0.6685579
0.47176656
0.7148768
0.9157009
0.3962676
0.6055822
1.2432991
0.31018505
0.2521759
0.52725625
0.31976008
-0.1897761
0.18784578
0.39873075
-0.21628913
0.36224806
0.011596455
0.5618681
0.9425283
0.010928307
-0.09130036
0.28005743
0.24879393
-0.10274835
0.14661972
0.06145541
0.058474123
0.61920536
2.4894176
-0.10253148
0.46963054
-0.0010629031
0.44213435
-0.10981417
-0.07495341
0.65076256
0.090143636
0.15536341
0.102586016
0.3862527
0.432953
0.48945636
0.7773255
0.1440136
0.91516316
0.04365044
1.5911894
0.19709988
0.15075266
0.30845585
2.7936454
0.5733054
0.7767389
0.021061294
0.8795951
0.9810926
0.54806054
0.015040297
0.08310529
0.7203095
1.1948903
0.41472077
0.18004575
0.090011984
0.6836484
0.14943829
0.3988234
2.1464117
